738904343132997994556967129083716193
1246147407496098785281857843825436339
1078205074842806386026740104226561147
1193002207906906462613250013746150239
1272696683762784324557966077404348119
954452642827376449400844658301077439
1321806132839839559573511570492662987
1312764207514485237176633999379569179
955029989281391718619858598958457597
1059672580944334132769120103592398329
1066581871705222271901584621740575947
1160699806390242117596068367220075923
752037824517460791903569586520441337
929838492175117287017808481988854211
764943690859952064643138948277805137
960593867934036621121744483028889773
670659054190104499469356245288149663
1297064754992309208890821319169425797
691725829685342111813528511771710029
1073236016575157346647768458923479179
1205728794953679361092252917673537577
1075671005869312764404583041262634397
1197623543919992856827384191328882629
1009733018632301087004642664472757233
821818770364402684605256744427963299
1089065575618286756042366334767536183
824456052439437763375698445973068333
695174655361964457036459827559495937
1122174700213135272197403944187191873
1083474872718318941968331291368438387
681251271810206152606052741831382911
1320843980075028926525319089334135157
690005050529759567552171311605280231
1309479314537391702324794396963470193
849644431180201678732121473072250683
923115518955780504344011803151407353
982864466105943938866027217273040457
672053322217186455972465338409249593
884992899418567423426661294506902173
1168747727305463727231332642789020513
1240869352649981350505746584521320591
977025307372404111244397568861003853
675565236463474741613360579210395961
846117351675742714299775310212180177
837589642842668128493750379254313331
1216952662985485297940060136583409431
669150667309075654702224607211559463
743831177583978728102120250984064229
834445147470531549773151553855631087
1159342677834781510624010469290445443
973885971884269988414718261184642589
851688426794984756520941896172600257
696973960908591076690272040169651111
677578860399296147800084317237580333
1212052934066446911504003403469446667
907525537010783440337570174685560779
882821020476276050094550552381847249
1274023838445505295829170884963124513
765895458506796740795860610156525629
714077797277639857255917462231004349
1258301306954339854382610213974448361
878627802870197638575268637242718933
826977815472777329120952961975547753
772104823060761315994206761939989651
1233926867093813238906755652380385643
1179226099770113872973615085328133503
1310890324608748480866942075525505847
1198655948167107283121067213836626207
831865252077293849003937787342418729
1007745213452002925320347044296409797
694345288792451172135435537413181859
756773579579361633028463026959287441
726421215658293955036718831829068123
1153163716662128027565958655458037417
1287204774450364836536440615138536919
940725884052470730485638691617913177
826612109233343899119753736558473803
908836626117658550274531246242608651
1119956796278426079843521357515465993
1269266587263091270301818310108457103
850522966100231205646763833472940859
992054074924607651818061760781824107
1118269839971602340577327710174449841
1029143556836259462997941442720325669
974305315996388716529343729362860349
716659806691513219067335478902879999
1068678587815399087529109914521699657
772523464712726242928482800006632867
1287093209058480323972909635753097527
1077839130022235678045842074734456591
1033368162668162407162997252198515141
781690783345176490112627337425701529
1154894848802780682792671348589684883
958450800870782686664735235757408933
735466174870088835293555589526760813
811050699293768611360075119466074091
703016832702822738917968337711332319
752450747942801414490477145235313097
1108620293053750496777942241371738027
1046666234244940830715887690225208313
